-127775.01891953545
-46167.09878292121
-120119.28197443672
-89622.27005524421
-19747.222205836326
-46635.309083302505
154121.64912019938
-355878.0774484575
-295004.0475564264
-138852.79229656607
119233.04651972651
-57651.649958371185
-83960.7809584979
64062.34340514336
44823.69773836713
13105.795347889885
1.374034243693782e6
42664.18894191785
150752.28606283292
29692.23655232787
-49170.027490954846
66315.28030507639
260335.70557108521
-397718.8251862824
-915609.6967578903
465201.5662597995
120533.30774770677
70904.57175938343
-684246.1612640023
18860.328331428114
1.3732056351219937e6
53490.39653362613
-83398.9894375857
-261643.32472792827
28921.953019581735
227740.03786862083
397160.1413072869
-403131.32994810876
15118.298989199218
383879.1041413769
156025.1121183224
-101304.2250952418
-912336.6868795678
-316855.728639856
113217.05798099935
18705.154302699142
166902.30517265666
-132947.57782201562
316094.6374646239
181257.96493446175
83763.18579659238
-516154.79486302286
51106.47502525896
107932.25756895542
63670.92694957089
52586.25244316459
1028.7066056403564
-28203.46148466319
156868.99313857406
58108.65405301936
389490.3286472559
17940.810180023313
-504007.6266296804
-228.77855810523033
290242.7823734805
-508812.51764924824
-50694.39676611032
340146.56608939916
40344.23540642066
158301.02096527815
443477.9692021401
686601.2290455922
-48714.098068095744
111415.71923004836
329006.3817545101
-339453.1764773056
-173346.65861126035
-46308.85317201633
290932.4891366577
10795.899137814064
-397402.50409039855
28856.240430372185
38942.59779038932
-662312.4339481294
-684140.1106077982
6998.422215860337
-642819.1925388649
-86518.77655532584
-148420.48495319486
-32946.7274089937
33826.30142579554
62476.377624318004
188492.91259407997
-6847.112015714869
248044.03458449617
-9349.310547068715
-150262.05698116496
307451.56510286033
-475070.26916097477
-67527.6325057894
42916.664626558544
14508.526529911906
57544.333298280835
-125992.10126491077
-316882.5160911679
182300.66774276644
-63265.68982098997
246531.00249325298
146498.44036051072
40941.38761391863
-76585.76855537109
-5794.366024974734
-482789.451011613
450486.0269286426
365434.40538242785
-6698.152151629794
72440.91132122464
-268302.71768072655
-184655.1794144567
-60566.7768650651
-210278.43608877622
-1805.4096084763878
172347.43598662317
-240483.43645561114
-366789.6790018659
344282.3563538771
369249.6924184263
92748.24993094057
-194144.90831292653
154284.70309303608
174976.70452313125
-165604.90998241678
-56374.78937534243
316913.4344103327
-223272.1241960451